0 0.823
1 0.834
2 1.025
3 0.855
4 0.848
5 0.835
6 0.840
7 0.837
8 0.846
9 0.882
10 0.843
11 0.846
12 0.922
13 0.886
14 1.011
15 0.961
16 0.942
17 0.882
18 0.811
19 0.828
20 0.798
21 0.933
22 0.859
23 0.858
24 0.849
25 0.877
26 0.894
27 0.979
28 0.848
29 0.844
30 0.793
31 0.834
32 0.789
33 0.873
34 0.867
35 1.007
36 0.933
37 0.887
38 0.983
39 0.859
40 0.924
41 0.922
42 0.827
43 0.836
44 0.915
45 0.845
46 0.849
47 0.825
48 0.933
49 0.857
50 0.879
51 0.889
52 0.848
53 0.822
54 0.920
55 0.954
56 0.847
57 0.826
58 0.888
59 0.864
60 0.782
61 0.834
62 0.811
63 0.914
64 0.824
65 0.826
66 0.821
67 0.869
68 0.891
69 0.935
70 0.827
71 0.846
72 0.851
73 0.850
74 0.825
75 0.892
76 0.803
77 0.811
78 0.843
79 0.809
80 0.860
81 0.851
82 0.889
83 0.838
84 0.903
85 0.855
86 0.893
87 0.845
88 0.907
89 0.829
90 0.869
91 0.876
92 0.884
93 0.836
94 0.859
95 0.861
96 0.832
97 0.961
98 0.892
99 0.891
100 0.918
101 0.846
102 0.833
103 0.797
104 0.827
105 0.825
106 0.815
107 0.873
108 0.875
109 0.837
110 0.834
111 0.828
112 0.928
113 0.854
114 0.917
115 0.808
116 0.887
117 0.968
118 0.791
119 0.873
120 0.847
121 0.814
122 0.886
123 0.793
124 0.901
125 0.849
126 0.899
127 0.923
128 0.960
129 0.918
130 0.969
131 0.960
132 0.999
133 0.993
134 0.892
135 0.954
136 1.027
137 1.050
138 1.028
139 0.983
140 0.986
141 1.032
142 1.008
143 1.011
144 1.021
145 1.050
146 1.041
147 0.963
148 0.988
149 0.976
150 0.996
151 0.919
152 0.898
153 0.881
154 0.903
155 0.964
156 0.971
157 0.998
158 0.964
159 0.973
160 0.943
161 0.878
162 0.901
163 0.906
164 0.962
165 0.856
166 0.868
167 0.885
168 0.856
169 0.931
170 0.927
171 0.909
172 0.901
173 0.937
174 0.904
175 0.852
176 0.916
177 0.953
178 0.932
179 0.920
180 0.927
181 0.885
182 0.878
183 0.911
184 0.939
185 0.854
186 0.820
187 0.861
188 0.850
189 0.905
190 0.872
191 0.832
192 0.845
193 0.833
194 0.869
195 0.828
196 0.880
197 0.829
198 0.887
199 0.877
200 0.858
201 0.853
202 0.865
203 0.903
204 0.888
205 0.888
206 0.844
207 0.885
208 0.877
209 0.860
210 0.861
211 0.943
212 0.848
213 0.857
214 0.800
215 0.826
216 0.881
217 0.861
218 0.793
219 0.897
220 0.873
221 0.870
222 0.800
223 0.846
224 0.830
225 0.871
226 0.891
227 0.872
228 0.832
229 0.832
230 0.903
231 0.899
232 0.877
233 0.866
234 0.877
235 0.905
236 0.812
237 0.848
238 0.784
239 0.850
240 0.879
241 0.875
242 0.850
243 0.782
244 0.841
245 0.903
246 0.914
247 0.887
248 0.891
249 0.881
250 0.848
251 0.904
252 0.836
253 0.844
254 0.894
255 0.898
256 0.901
257 0.933
258 0.872
259 0.905
260 0.890
261 0.868
262 0.911
263 0.871
264 0.934
265 0.872
266 0.840
267 0.889
268 0.859
269 0.878
270 0.939
271 0.868
272 0.818
273 0.869
274 0.911
275 0.906
276 0.930
277 0.944
278 0.958
279 0.902
280 0.899
281 0.838
282 0.849
283 0.830
284 0.875
285 0.894
286 0.904
287 0.874
288 0.880
289 0.841
290 0.822
291 0.848
292 0.845
293 0.852
294 0.859
295 0.914
296 0.865
297 0.865
298 0.848
299 0.848
300 0.889
301 0.860
302 0.854
303 0.855
304 0.884
305 0.863
306 0.835
307 0.903
308 0.835
309 0.854
310 0.906
311 0.840
312 0.881
313 0.857
314 0.878
315 0.896
316 0.838
317 0.827
318 0.864
319 0.811
320 0.780
321 0.797
322 0.797
323 0.820
324 0.822
325 0.797
326 0.847
327 0.812
328 0.838
329 0.797
330 0.874
331 0.809
332 0.887
333 0.882
334 0.807
335 0.828
336 0.866
337 0.893
338 0.889
339 0.866
340 0.862
341 0.826
342 0.849
343 0.845
344 0.911
345 0.856
346 0.812
347 0.795
348 0.874
349 0.914
350 0.871
351 0.808
352 0.813
353 0.866
354 0.817
355 0.785
356 0.793
357 0.781
358 0.784
359 0.820
360 0.807
361 0.823
362 0.790
363 0.799
364 0.796
365 0.873
366 0.832
367 0.779
368 0.847
369 0.835
370 0.833
371 0.819
372 0.828
373 0.876
374 0.886
375 0.788
376 0.791
377 0.811
378 0.855
379 0.792
380 0.856
381 0.898
382 0.839
383 0.873
384 0.909
385 0.925
386 0.920
387 0.867
388 0.856
389 0.921
390 0.918
391 0.951
392 0.810
393 0.781
394 0.775
395 0.772
396 0.804
397 0.775
398 0.754
399 0.753
400 0.809
401 0.805
402 0.755
403 0.783
404 0.812
405 0.816
406 0.852
407 0.837
408 0.779
409 0.885
410 0.866
411 0.839
412 0.830
413 0.830
414 0.843
415 0.782
416 0.838
417 0.840
418 0.827
419 0.768
420 0.863
421 0.811
422 0.820
423 0.861
424 0.853
425 0.814
426 0.805
427 0.791
428 0.877
429 0.819
430 0.807
431 0.777
432 0.834
433 0.937
434 0.866
435 0.885
436 0.894
437 0.890
438 0.841
439 0.849
440 0.933
441 0.828
442 0.815
443 0.841
444 0.913
445 0.814
446 0.860
447 0.868
448 0.820
449 0.838
450 0.891
451 0.812
452 0.873
453 0.907
454 0.941
455 0.870
456 0.872
457 0.810
458 0.842
459 0.903
460 0.846
461 0.836
462 0.870
463 0.837
464 0.888
465 0.851
466 0.827
467 0.867
468 0.830
469 0.815
470 0.866
471 0.795
472 0.853
473 0.836
474 0.866
475 0.884
476 0.859
477 0.851
478 0.853
479 0.851
480 0.870
481 0.831
482 0.900
483 0.898
484 0.886
485 0.881
486 0.884
487 0.866
488 0.853
489 0.915
490 0.888
491 0.834
492 0.874
493 0.924
494 0.829
495 0.850
496 0.881
497 0.928
498 0.825
499 0.888
500 0.882
501 0.879
502 0.872
503 0.880
504 0.916
505 0.837
506 0.892
507 0.878
508 0.852
509 0.874
510 0.882
511 0.739
512 0.857
513 0.835
514 0.855
515 0.893
516 0.830
517 0.874
518 0.867
519 0.847
520 0.783
521 0.800
522 0.850
523 0.845
524 0.850
525 0.841
526 0.824
527 0.882
528 0.831
529 0.863
530 0.950
531 0.914
532 0.877
533 0.876
534 0.818
535 0.905
536 0.871
537 0.916
538 0.840
539 0.907
540 0.907
541 0.868
542 0.938
543 0.949
544 0.937
545 0.929
546 0.798
547 0.811
548 0.815
549 0.849
550 0.777
551 0.790
552 0.842
553 0.827
554 0.770
555 0.804
556 0.797
557 0.821
558 0.835
559 0.801
560 0.859
561 0.791
562 0.845
563 0.871
564 0.929
565 0.854
566 0.810
567 0.772
568 0.772
569 0.767
570 0.789
571 0.776
572 0.819
573 0.760
574 0.715
575 0.744
576 0.738
577 0.762
578 0.776
579 0.745
580 0.747
581 0.794
582 0.779
583 0.711
584 0.706
585 0.667
586 0.723
587 0.739
588 0.780
589 0.686
590 0.816
591 0.826
592 0.815
593 0.730
594 0.743
595 0.813
596 0.818
597 0.789
598 0.772
599 0.779
600 0.795
