0 2.108
1 2.183
2 2.168
3 2.171
4 2.172
5 2.214
6 2.147
7 2.196
8 2.296
9 2.332
10 2.297
11 2.246
12 2.355
13 2.353
14 2.269
15 2.320
16 2.311
17 2.371
18 2.312
19 2.354
20 2.369
21 2.336
22 2.365
23 2.335
24 2.364
25 2.275
26 2.313
27 2.356
28 2.301
29 2.383
30 2.301
31 2.381
32 2.282
33 2.297
34 2.338
35 2.383
36 2.358
37 2.318
38 2.291
39 2.296
40 2.102
41 2.089
42 2.025
43 2.088
44 2.103
45 2.099
46 2.034
47 2.060
48 2.136
49 2.072
50 2.234
51 2.123
52 2.127
53 2.108
54 2.171
55 2.250
56 2.148
57 2.083
58 2.076
59 2.054
60 2.158
61 2.058
62 2.157
63 2.156
64 2.147
65 2.200
66 2.159
67 2.051
68 2.126
69 1.957
70 1.936
71 1.956
72 1.996
73 1.993
74 1.929
75 1.856
76 1.893
77 1.977
78 1.939
79 2.044
80 1.986
81 2.038
82 1.932
83 2.047
84 2.010
85 2.041
86 2.027
87 2.007
88 2.041
89 2.022
90 1.939
91 2.142
92 2.066
93 2.176
94 2.135
95 2.046
96 2.044
97 2.058
98 1.904
99 1.970
100 1.951
101 2.045
102 2.146
103 2.115
104 2.054
105 2.133
106 2.054
107 1.995
108 2.018
109 1.920
110 2.044
111 1.932
112 1.978
113 1.972
114 1.919
115 1.995
116 1.914
117 1.935
118 1.959
119 2.078
120 1.821
121 1.967
122 1.828
123 1.983
124 1.839
125 1.929
126 1.946
127 1.977
128 1.848
129 1.920
130 1.997
131 1.932
132 1.941
133 2.228
134 2.176
135 2.109
136 2.031
137 2.112
138 2.135
139 2.107
140 1.967
141 2.194
142 2.079
143 2.088
144 2.103
145 2.065
146 2.008
147 2.010
148 2.015
149 2.101
150 1.936
151 1.952
152 1.980
153 1.953
154 2.056
155 1.996
156 2.077
157 2.022
158 2.074
159 1.973
160 2.090
161 2.053
162 1.993
163 2.129
164 2.119
165 2.200
166 2.207
167 2.262
168 2.184
169 2.235
170 2.132
171 2.295
172 2.379
173 2.496
174 2.261
175 2.332
176 2.231
177 2.205
178 2.159
179 2.131
180 2.160
181 2.146
182 2.073
183 2.122
184 2.110
185 2.104
186 2.077
187 2.068
188 2.159
189 2.047
190 2.077
191 2.125
192 2.074
193 2.048
194 2.069
195 2.121
196 2.163
197 2.140
198 1.935
199 2.010
200 2.094
201 2.056
202 2.127
203 2.104
204 2.138
205 2.126
206 2.082
207 2.123
208 2.048
209 2.110
210 2.167
211 2.179
212 2.095
213 2.248
214 2.199
215 2.259
216 2.106
217 2.129
218 2.260
219 2.244
220 2.289
221 2.177
222 2.265
223 2.190
224 2.258
225 2.285
226 2.300
227 2.318
228 2.300
229 2.367
230 2.228
231 2.267
232 2.297
233 2.187
234 2.241
235 2.328
236 2.249
237 2.290
238 2.326
239 2.293
240 2.339
241 2.239
242 2.157
243 2.300
244 2.183
245 2.279
246 2.273
247 2.278
248 2.344
249 2.361
250 2.441
251 2.395
252 2.420
253 2.476
254 2.374
255 2.388
256 2.413
257 2.298
258 2.252
259 2.272
260 2.187
261 2.260
262 2.338
263 2.367
264 2.291
265 2.261
266 2.423
267 2.368
268 2.359
269 2.349
270 2.482
271 2.428
272 2.385
273 2.448
274 2.456
275 2.438
276 2.450
277 2.359
278 2.525
279 2.444
280 2.439
281 2.396
282 2.389
283 2.464
284 2.315
285 2.462
286 2.283
287 2.378
288 2.350
289 2.376
290 2.450
291 2.431
292 2.411
293 2.360
294 2.378
295 2.316
296 2.228
297 2.184
298 2.145
299 2.230
300 2.251
301 2.288
302 2.274
303 2.317
304 2.340
305 2.360
306 2.323
307 2.399
308 2.288
309 2.308
310 2.341
311 2.324
312 2.365
313 2.301
314 2.437
315 2.344
316 2.314
317 2.177
318 2.342
319 2.420
320 2.355
321 2.351
322 2.457
323 2.392
324 2.295
325 2.382
326 2.340
327 2.194
328 2.138
329 2.232
330 2.310
331 2.278
332 2.266
333 2.366
334 2.375
335 2.232
336 2.252
337 2.246
338 2.194
339 2.328
340 2.446
341 2.380
342 2.445
343 2.424
344 2.302
345 2.189
346 2.185
347 2.298
348 2.279
349 2.328
350 2.407
351 2.371
352 2.351
353 2.398
354 2.290
355 2.223
356 2.155
357 2.327
358 2.255
359 2.192
360 2.331
361 2.317
362 2.423
363 2.497
364 2.412
365 2.347
366 2.309
367 2.335
368 2.296
369 2.358
370 2.448
371 2.301
372 2.225
373 2.290
374 2.326
375 2.436
376 2.338
377 2.295
378 2.343
379 2.451
380 2.291
381 2.233
382 2.337
383 2.426
384 2.369
385 2.327
386 2.332
387 2.290
388 2.386
389 2.403
390 2.319
391 2.340
392 2.243
393 2.334
394 2.387
395 2.291
396 2.338
397 2.275
398 2.421
399 2.427
400 2.388
401 2.387
402 2.472
403 2.387
404 2.436
405 2.540
406 2.490
407 2.679
408 2.631
409 2.697
410 2.513
411 2.446
412 2.382
413 2.496
414 2.402
415 2.408
416 2.496
417 2.515
418 2.359
419 2.440
420 2.397
421 2.517
422 2.345
423 2.313
424 2.191
425 2.305
426 2.151
427 2.297
428 2.139
429 2.326
430 2.406
431 2.450
432 2.579
433 2.610
434 2.453
435 2.464
436 2.474
437 2.458
438 2.549
439 2.566
440 2.658
441 2.593
442 2.434
443 2.452
444 2.356
445 2.400
446 2.433
447 2.508
448 2.514
449 2.498
450 2.487
451 2.531
452 2.567
453 2.548
454 2.467
455 2.367
456 2.569
457 2.478
458 2.485
459 2.434
460 2.433
461 2.465
462 2.544
463 2.444
464 2.474
465 2.545
466 2.643
467 2.672
468 2.607
469 2.546
470 2.594
471 2.556
472 2.669
473 2.719
474 2.739
475 2.664
476 2.745
477 2.649
478 2.688
479 2.537
480 2.526
481 2.553
482 2.612
483 2.510
484 2.642
485 2.594
486 2.575
487 2.616
488 2.610
489 2.562
490 2.612
491 2.598
492 2.506
493 2.665
494 2.527
495 2.592
496 2.547
497 2.568
498 2.504
499 2.577
500 2.568
501 2.513
502 2.596
503 2.628
504 2.700
505 2.642
506 2.631
507 2.736
508 2.719
509 2.727
510 2.561
511 2.581
512 2.621
513 2.574
514 2.672
515 2.683
516 2.621
517 2.613
518 2.654
519 2.547
520 2.578
521 2.549
522 2.526
523 2.527
524 2.540
525 2.519
526 2.537
527 2.464
528 2.467
529 2.418
530 2.518
531 2.505
532 2.609
533 2.595
534 2.612
535 2.604
536 2.451
537 2.504
538 2.548
539 2.510
540 2.564
541 2.426
542 2.472
543 2.535
544 2.487
545 2.484
546 2.546
547 2.502
548 2.605
549 2.603
550 2.641
551 2.586
552 2.591
553 2.561
554 2.642
555 2.649
556 2.479
557 2.581
558 2.584
559 2.611
560 2.668
561 2.676
562 2.646
563 2.445
564 2.612
565 2.589
566 2.532
567 2.336
568 2.554
569 2.393
570 2.533
571 2.499
572 2.430
573 2.556
574 2.554
575 2.577
576 2.474
577 2.576
578 2.518
579 2.497
580 2.439
581 2.537
582 2.523
583 2.737
584 2.655
585 2.564
586 2.537
587 2.519
588 2.521
589 2.558
590 2.545
591 2.400
592 2.407
593 2.449
594 2.413
595 2.469
596 2.499
597 2.424
598 2.503
599 2.503
600 2.475
